rab6hm vs. greedy:
[(2,21,43),(2,21,43),(1,55,9),(2,21,43),(2,27,37),(2,27,37),(1,35,29),(2,27,37),(1,34,30),(2,31,33),(1,51,13),(1,57,7),(1,46,18),(1,46,18),(1,59,5),(1,46,18),(2,21,43),(2,21,43),(1,55,9),(2,21,43),(2,27,37),(2,27,37),(1,35,29),(2,27,37),(1,57,7),(1,38,26),(1,51,13),(1,59,5),(1,46,18),(1,46,18),(1,59,5),(1,55,9),(2,21,43),(1,49,15),(1,55,9),(1,35,29),(1,35,29),(1,54,10),(1,35,29),(1,51,13),(1,51,13),(1,35,29),(1,51,13),(1,59,5),(1,59,5),(2,29,35),(1,59,5),(1,55,9),(1,55,9),(1,49,15),(1,55,9),(1,35,29),(1,35,29),(1,54,10),(1,35,29),(1,51,13),(1,51,13),(1,35,29),(1,51,13),(1,59,5),(1,59,5),(1,39,25),(1,59,5),(1,55,9),(1,55,9),(1,49,15),(1,55,9),(1,35,29),(1,35,29),(1,54,10),(1,35,29),(1,51,13),(1,51,13),(1,35,29),(1,39,25),(1,59,5),(1,59,5),(2,22,42),(1,49,15),(1,55,9),(1,55,9),(1,49,15),(1,54,10),(1,35,29),(1,35,29),(1,54,10),(1,35,29),(1,51,13),(1,46,18),(1,35,29),(2,22,42),(1,59,5),(2,21,43),(1,39,25),(1,49,15),(1,49,15),(2,27,37),(1,49,15),(1,54,10),(1,54,10)]
rab6hm won 81 times.
greedy won 19 times.
There were 0 ties.
rab6hm scored 43.69 on average.
greedy scored 20.31 on average.

rab6hm vs. rab4hm:
[(1,37,27),(1,41,23),(1,63,1),(1,43,21),(1,43,21),(1,51,13),(1,36,28),(2,8,56),(1,40,24),(1,55,9),(1,33,31),(1,42,22),(1,58,4),(0,32,32),(1,43,21),(1,51,13),(1,43,21),(1,41,23),(1,63,1),(1,43,21),(2,2,58),(1,51,13),(1,37,27),(2,20,44),(1,38,26),(1,55,9),(1,33,31),(1,49,15),(1,59,5),(1,44,20),(1,43,21),(1,50,14),(1,43,21),(2,22,42),(1,63,1),(1,41,23),(1,35,29),(1,56,8),(2,29,35),(2,8,56),(2,17,47),(2,31,33),(1,33,31),(2,22,42),(1,49,15),(1,43,21),(1,43,21),(1,44,20),(1,33,31),(2,22,42),(1,63,1),(1,43,21),(1,41,23),(1,56,8),(1,49,15),(1,39,25),(2,20,44),(1,51,13),(1,33,31),(2,28,36),(2,18,46),(1,43,21),(1,43,21),(1,54,10),(2,28,36),(2,22,42),(1,63,1),(2,22,42),(1,42,22),(1,56,8),(1,59,5),(1,39,25),(2,16,48),(1,51,13),(2,26,38),(2,19,45),(1,61,3),(1,43,21),(1,39,25),(1,54,10),(1,51,13),(2,22,42),(1,64,0),(1,38,26),(2,22,42),(1,56,8),(1,59,5),(1,39,25),(1,33,31),(1,58,6),(2,26,38),(1,38,26),(1,43,21),(1,43,21),(2,14,50),(2,27,37),(2,20,44),(2,22,42),(1,43,21),(1,64,0)]
rab6hm won 73 times.
rab4hm won 26 times.
There were 1 ties.
rab6hm scored 39.84 on average.
rab4hm scored 24.1 on average.

rab6hm vs. rab6hm:
[(1,50,14),(2,31,33),(1,53,11),(1,52,12),(0,32,32),(0,32,32),(2,30,34),(0,32,32),(2,29,35),(1,49,15),(1,45,19),(2,25,39),(1,35,29),(2,3,61),(2,20,44),(1,62,2),(1,52,12),(1,43,21),(1,39,25),(1,43,21),(0,32,32),(0,32,32),(1,41,23),(0,32,32),(1,49,15),(1,33,31),(1,45,19),(2,20,44),(1,62,2),(1,35,29),(1,36,28),(1,39,25),(1,43,21),(1,48,16),(1,45,19),(1,41,23),(2,22,42),(1,37,27),(1,42,22),(1,45,19),(1,45,19),(1,42,22),(1,45,19),(1,36,28),(1,34,30),(1,38,26),(1,39,25),(1,45,19),(1,53,11),(1,54,10),(2,26,38),(1,42,22),(2,30,34),(1,40,24),(1,46,18),(1,45,19),(1,45,19),(1,47,17),(1,45,19),(1,39,25),(2,20,44),(1,43,21),(1,37,27),(2,26,38),(1,39,25),(1,56,8),(1,56,8),(1,46,18),(1,41,23),(1,52,12),(1,47,17),(1,45,19),(1,45,19),(2,21,43),(1,43,21),(1,37,27),(1,36,28),(1,44,20),(1,56,8),(1,56,8),(1,45,19),(1,48,16),(1,47,17),(2,22,42),(1,42,22),(2,22,42),(2,21,43),(1,45,19),(1,43,21),(2,7,57),(1,44,20),(1,34,30),(2,31,33),(1,48,16),(1,48,16),(1,54,10),(0,32,32),(1,43,21),(2,22,42),(1,40,24)]
rab6hm won 74 times.
rab6hm won 19 times.
There were 7 ties.
rab6hm scored 39.56 on average.
rab6hm scored 24.44 on average.

rab6hm vs. rab4gr:
[(2,27,37),(1,58,6),(1,62,1),(2,27,37),(1,54,10),(1,34,30),(2,29,35),(1,34,30),(1,36,28),(1,57,7),(1,46,18),(1,36,28),(1,61,3),(1,37,27),(1,43,21),(1,61,3),(2,27,37),(1,58,6),(1,37,27),(2,27,37),(2,28,36),(1,34,30),(1,41,23),(1,54,10),(1,36,28),(1,36,28),(2,13,51),(1,59,5),(1,61,3),(1,61,3),(1,47,17),(1,42,22),(2,27,37),(1,40,24),(1,37,27),(1,37,27),(1,38,26),(1,36,28),(1,46,18),(2,13,51),(1,40,24),(1,51,13),(2,13,51),(1,47,17),(1,37,27),(1,47,17),(2,26,38),(1,37,27),(1,54,10),(1,34,30),(1,37,27),(1,46,18),(1,34,30),(0,32,32),(2,28,36),(2,13,51),(1,40,24),(1,33,31),(2,13,51),(2,26,38),(2,28,36),(1,45,19),(2,25,39),(1,37,27),(1,49,15),(1,40,24),(1,37,27),(2,28,36),(2,20,44),(2,31,33),(1,36,28),(2,13,51),(1,40,24),(2,31,33),(1,35,29),(2,25,39),(2,29,35),(2,29,35),(2,24,40),(1,37,27),(1,37,27),(2,19,45),(1,60,4),(1,54,10),(1,46,18),(1,60,4),(1,59,5),(2,13,51),(1,40,24),(1,59,5),(2,29,35),(1,61,3),(2,19,45),(1,40,24),(2,19,45),(1,58,6),(1,33,31),(2,24,40),(1,60,4),(2,29,35)]
rab6hm won 66 times.
rab4gr won 33 times.
There were 1 ties.
rab6hm scored 37.83 on average.
rab4gr scored 26.16 on average.

