rab6hm vs. greedy:
[(1,54,10),(1,59,5),(1,46,18),(1,35,29),(1,35,29),(1,55,9),(2,21,43),(2,22,42),(2,29,35),(1,35,29),(2,27,37),(1,49,15),(1,49,15),(1,51,13),(1,49,15),(1,54,10),(2,29,35),(1,59,5),(1,46,18),(1,46,18),(1,49,15),(1,55,9),(2,21,43),(2,21,43),(1,54,10),(1,35,29),(2,27,37),(2,27,37),(1,35,29),(1,51,13),(2,31,33),(1,57,7),(2,29,35),(1,59,5),(1,46,18),(1,46,18),(1,49,15),(1,55,9),(2,21,43),(2,21,43),(1,54,10),(1,35,29),(2,27,37),(2,27,37),(1,35,29),(1,51,13),(1,38,26),(1,49,15),(1,39,25),(1,59,5),(1,46,18),(1,46,18),(1,49,15),(1,55,9),(2,21,43),(2,21,43),(1,54,10),(1,35,29),(2,27,37),(2,27,37),(1,35,29),(1,51,13),(1,34,30),(2,31,33),(2,22,42),(1,59,5),(1,46,18),(1,46,18),(1,49,15),(1,55,9),(2,21,43),(1,49,15),(1,54,10),(1,35,29),(2,27,37),(1,46,18),(1,35,29),(1,51,13),(1,51,13),(2,21,43),(1,39,25),(1,59,5),(1,59,5),(2,27,37),(1,49,15),(1,55,9),(1,55,9),(2,31,33),(1,54,10),(1,35,29),(1,35,29),(1,46,18),(1,35,29),(1,51,13),(1,51,13),(2,21,43),(2,29,35),(1,59,5),(1,59,5),(2,27,37)]
rab6hm won 71 times.
greedy won 29 times.
There were 0 ties.
rab6hm scored 41.28 on average.
greedy scored 22.72 on average.

rab6hm vs. rab4hm:
[(1,64,0),(1,49,15),(1,51,13),(2,18,46),(1,59,5),(1,63,1),(1,43,21),(2,18,46),(1,34,30),(1,37,27),(2,20,44),(1,37,27),(2,27,37),(1,33,31),(2,29,35),(1,43,21),(2,26,38),(1,43,21),(1,33,31),(1,42,22),(0,32,32),(1,63,1),(1,43,21),(1,41,23),(1,64,0),(2,29,35),(2,2,58),(1,51,13),(1,59,5),(1,33,31),(1,38,26),(1,55,9),(2,26,38),(1,43,21),(1,44,20),(1,34,30),(2,26,38),(1,63,1),(1,43,21),(1,41,23),(1,64,0),(1,49,15),(2,2,58),(1,51,13),(1,59,5),(1,33,31),(1,38,26),(1,55,9),(1,43,21),(1,43,21),(1,58,6),(1,37,27),(2,22,42),(1,63,1),(1,43,21),(1,41,23),(1,56,8),(1,47,17),(2,2,58),(1,51,13),(1,51,13),(1,33,31),(1,38,26),(1,55,9),(1,43,21),(1,43,21),(1,47,17),(0,32,32),(2,22,42),(1,63,1),(1,43,21),(2,30,34),(1,56,8),(1,36,28),(2,28,36),(1,34,30),(1,58,6),(1,33,31),(2,13,51),(1,41,23),(1,43,21),(2,19,45),(1,43,21),(1,44,20),(2,22,42),(1,54,10),(1,50,14),(1,37,27),(1,56,8),(2,17,47),(1,35,29),(1,59,5),(1,41,23),(1,39,25),(2,17,47),(1,43,21),(1,43,21),(2,30,34),(1,49,15),(0,32,32)]
rab6hm won 75 times.
rab4hm won 22 times.
There were 3 ties.
rab6hm scored 40.28 on average.
rab4hm scored 23.6 on average.

rab6hm vs. rab6hm:
[(1,37,27),(2,20,44),(1,62,2),(2,21,43),(1,42,22),(1,39,25),(1,43,21),(1,44,20),(1,38,26),(1,41,23),(0,32,32),(1,48,16),(1,54,10),(1,45,19),(2,29,35),(2,22,42),(2,16,48),(1,36,28),(1,43,21),(1,35,29),(1,48,16),(1,45,19),(2,31,33),(1,52,12),(1,37,27),(1,42,22),(0,32,32),(0,32,32),(1,42,22),(1,45,19),(1,49,15),(1,33,31),(1,38,26),(1,39,25),(2,3,61),(1,62,2),(1,54,10),(2,26,38),(1,43,21),(1,43,21),(1,40,24),(1,46,18),(0,32,32),(0,32,32),(1,47,17),(1,45,19),(1,33,31),(2,19,44),(1,43,21),(1,37,27),(1,35,29),(1,43,21),(1,56,8),(1,56,8),(1,50,14),(2,31,33),(1,47,17),(2,22,42),(0,32,32),(0,32,32),(2,21,43),(1,45,19),(2,18,46),(1,56,8),(1,44,20),(1,34,30),(1,35,29),(2,3,61),(1,48,16),(1,53,11),(1,52,12),(1,49,15),(2,22,42),(2,30,34),(0,32,32),(1,43,21),(2,7,57),(1,45,19),(1,45,19),(2,31,33),(1,48,16),(2,20,44),(1,37,27),(0,32,32),(1,43,21),(1,39,25),(1,56,8),(1,33,31),(1,38,26),(1,41,23),(2,22,42),(2,3,61),(1,41,23),(1,45,19),(1,45,19),(1,43,21),(2,16,48),(1,36,28),(1,34,30),(0,32,32)]
rab6hm won 68 times.
rab6hm won 22 times.
There were 10 ties.
rab6hm scored 37.38 on average.
rab6hm scored 26.61 on average.

rab6hm vs. rab4gr:
[(2,29,35),(2,26,38),(1,61,3),(1,59,5),(2,30,34),(1,37,27),(2,27,37),(2,29,35),(1,36,28),(1,41,23),(1,54,10),(2,19,45),(2,24,40),(2,13,51),(1,36,28),(1,60,4),(1,47,17),(1,47,17),(1,61,3),(1,42,22),(1,43,21),(1,37,27),(2,27,37),(1,58,6),(1,49,15),(1,46,18),(2,28,36),(1,34,30),(1,59,5),(2,13,51),(1,36,28),(1,57,7),(1,47,17),(2,26,38),(1,61,3),(2,22,42),(1,59,5),(1,37,27),(2,27,37),(1,58,6),(1,49,15),(2,28,36),(1,47,17),(1,34,30),(1,59,5),(2,13,51),(1,36,28),(1,57,7),(1,47,17),(2,25,39),(1,61,3),(1,40,24),(1,52,12),(1,37,27),(2,27,37),(1,58,6),(1,49,15),(1,54,10),(2,29,35),(1,34,30),(1,59,5),(2,13,51),(1,36,28),(1,36,28),(2,29,35),(1,61,3),(1,61,3),(1,61,3),(2,19,45),(1,37,27),(2,27,37),(1,51,13),(1,60,4),(1,38,26),(1,46,18),(1,52,12),(1,59,5),(2,13,51),(1,40,24),(2,27,37),(1,40,24),(2,26,38),(2,28,36),(1,40,24),(2,24,40),(1,37,27),(1,56,8),(1,51,13),(1,60,4),(1,41,23),(1,38,26),(1,52,12),(1,59,5),(2,13,51),(1,40,24),(2,27,37),(2,17,47),(1,47,17),(1,37,27),(2,24,40)]
rab6hm won 68 times.
rab4gr won 32 times.
There were 0 ties.
rab6hm scored 40.2 on average.
rab4gr scored 23.8 on average.

