rab6hm vs. greedy:
[(1,38,26),(1,49,15),(1,39,25),(1,59,5),(1,46,18),(1,46,18),(1,49,15),(1,55,9),(2,21,43),(2,21,43),(1,54,10),(1,35,29),(2,27,37),(1,46,18),(1,35,29),(1,51,13),(1,51,13),(2,21,43),(2,22,42),(1,59,5),(1,59,5),(2,27,37),(1,49,15),(1,55,9),(1,55,9),(1,49,15),(1,54,10),(1,35,29),(1,35,29),(1,46,18),(1,35,29),(1,51,13),(1,51,13),(2,21,43),(1,39,25),(1,59,5),(1,59,5),(2,27,37),(1,49,15),(1,55,9),(1,55,9),(2,31,33),(1,54,10),(1,35,29),(1,35,29),(1,46,18),(1,35,29),(1,51,13),(1,51,13),(2,21,43),(2,29,35),(1,59,5),(1,59,5),(2,27,37),(1,49,15),(1,55,9),(1,55,9),(1,38,26),(1,54,10),(1,35,29),(1,35,29),(1,46,18),(1,35,29),(1,51,13),(1,51,13),(2,21,43),(2,29,35),(1,59,5),(1,35,29),(2,27,37),(1,49,15),(1,55,9),(1,51,13),(1,34,30),(1,54,10),(1,54,10),(1,59,5),(1,46,18),(1,35,29),(1,35,29),(1,55,9),(2,21,43),(1,39,25),(2,29,35),(1,35,29),(2,27,37),(1,49,15),(1,49,15),(1,51,13),(1,57,7),(1,54,10),(1,54,10),(1,59,5),(1,46,18),(1,35,29),(1,35,29),(1,55,9),(2,21,43),(2,22,42),(2,29,35)]
rab6hm won 79 times.
greedy won 21 times.
There were 0 ties.
rab6hm scored 42.91 on average.
greedy scored 21.09 on average.

rab6hm vs. rab4hm:
[(1,38,26),(1,35,29),(1,43,21),(1,43,21),(1,58,6),(1,33,31),(2,22,42),(1,63,1),(1,43,21),(1,43,21),(1,56,8),(1,47,17),(2,2,58),(1,51,13),(1,42,22),(1,33,31),(1,34,30),(1,43,21),(1,43,21),(2,23,41),(1,45,19),(2,20,44),(2,22,42),(1,54,10),(1,63,1),(2,29,35),(1,56,8),(2,31,33),(1,42,22),(1,33,31),(1,51,13),(1,39,25),(1,34,30),(1,43,21),(1,43,21),(2,29,35),(2,24,40),(1,34,30),(2,22,42),(1,54,10),(1,63,1),(1,37,27),(1,56,8),(2,17,47),(1,36,28),(1,59,5),(2,31,33),(1,39,25),(1,34,30),(1,43,21),(1,43,21),(1,39,25),(1,43,21),(0,32,32),(2,22,42),(1,54,10),(1,63,1),(2,28,36),(1,56,8),(1,48,16),(1,48,16),(0,32,32),(1,51,13),(1,39,25),(1,34,30),(1,43,21),(1,43,21),(2,6,58),(1,47,17),(2,21,43),(2,22,42),(1,54,10),(1,33,31),(1,42,22),(1,57,7),(1,56,8),(1,43,21),(1,55,9),(2,18,46),(1,58,6),(1,63,1),(1,43,21),(2,18,46),(1,53,11),(1,36,28),(2,8,56),(1,46,18),(2,31,33),(1,33,31),(1,42,22),(1,51,13),(1,56,8),(1,43,21),(1,51,13),(2,18,46),(1,41,23),(1,63,1),(1,43,21),(2,18,46),(1,53,11)]
rab6hm won 75 times.
rab4hm won 23 times.
There were 2 ties.
rab6hm scored 40.18 on average.
rab4hm scored 23.78 on average.

rab6hm vs. rab6hm:
[(1,44,20),(2,25,39),(1,43,21),(1,37,27),(1,35,29),(1,43,21),(1,56,8),(1,56,8),(1,50,14),(2,31,33),(1,53,11),(2,22,42),(0,32,32),(1,62,2),(2,21,43),(1,45,19),(1,45,19),(1,43,21),(1,44,20),(1,34,30),(1,39,25),(0,32,32),(1,48,16),(1,53,11),(2,26,38),(1,34,30),(2,22,42),(2,30,34),(1,46,18),(1,43,21),(2,7,57),(1,45,19),(1,45,19),(2,31,33),(1,48,16),(2,20,44),(1,37,27),(0,32,32),(1,43,21),(1,39,25),(1,56,8),(1,44,20),(1,38,26),(1,41,23),(2,22,42),(2,3,61),(1,41,23),(1,45,19),(1,45,19),(1,43,21),(2,16,48),(1,36,28),(1,34,30),(0,32,32),(1,48,16),(1,45,19),(1,53,11),(2,25,39),(1,37,27),(1,42,22),(2,30,34),(1,35,29),(1,42,22),(1,45,19),(1,45,19),(1,50,14),(1,38,26),(1,39,25),(2,22,42),(0,32,32),(1,54,10),(2,26,38),(1,45,19),(2,29,35),(1,40,24),(1,38,26),(1,34,30),(1,35,29),(1,47,17),(1,41,23),(1,53,11),(1,52,12),(1,43,21),(2,16,48),(2,30,34),(0,32,32),(1,56,8),(1,48,16),(1,45,19),(1,49,15),(1,47,17),(1,37,27),(2,20,44),(1,62,2),(2,21,43),(1,42,22),(1,39,25),(1,43,21),(1,44,20),(1,38,26)]
rab6hm won 72 times.
rab6hm won 22 times.
There were 6 ties.
rab6hm scored 38.71 on average.
rab6hm scored 25.29 on average.

rab6hm vs. rab4gr:
[(1,36,28),(1,57,7),(1,35,29),(2,25,39),(1,61,3),(1,61,3),(2,24,40),(1,37,27),(2,27,37),(2,27,37),(1,60,4),(1,54,10),(1,34,30),(1,52,12),(1,59,5),(2,13,51),(1,40,24),(2,27,37),(2,29,35),(1,61,3),(1,57,7),(1,46,18),(2,19,45),(1,37,27),(1,47,17),(1,51,13),(1,60,4),(1,38,26),(2,26,38),(1,52,12),(1,59,5),(2,13,51),(1,40,24),(2,27,37),(1,40,24),(2,26,38),(2,28,36),(1,38,26),(2,24,40),(1,37,27),(1,56,8),(1,51,13),(1,60,4),(1,41,23),(1,38,26),(1,52,12),(1,59,5),(2,13,51),(1,40,24),(2,27,37),(2,17,47),(1,47,17),(1,37,27),(1,34,30),(1,36,28),(1,37,27),(1,54,10),(1,36,28),(1,60,4),(1,46,18),(1,38,26),(1,61,3),(1,59,5),(2,13,51),(2,13,51),(2,27,37),(1,36,28),(2,26,38),(2,26,38),(1,54,10),(2,24,40),(1,37,27),(1,58,6),(1,36,28),(1,60,4),(2,29,35),(1,42,22),(1,61,3),(1,59,5),(2,30,34),(1,37,27),(2,27,37),(1,35,29),(1,43,21),(2,31,33),(2,28,36),(2,24,40),(1,33,31),(1,57,7),(1,36,28),(1,60,4),(2,29,35),(1,61,3),(1,61,3),(1,59,5),(2,30,34),(1,40,24),(2,27,37),(2,29,35),(2,28,36)]
rab6hm won 66 times.
rab4gr won 34 times.
There were 0 ties.
rab6hm scored 39.89 on average.
rab4gr scored 24.11 on average.

