rab6hm vs. greedy:
[(2,27,37),(1,49,15),(1,49,15),(1,51,13),(2,31,33),(1,54,10),(1,54,10),(1,59,5),(1,46,18),(1,35,29),(1,35,29),(1,55,9),(2,21,43),(2,29,35),(2,22,42),(1,35,29),(2,27,37),(1,49,15),(1,49,15),(1,51,13),(1,38,26),(1,54,10),(1,54,10),(1,59,5),(1,46,18),(1,35,29),(1,35,29),(1,55,9),(2,21,43),(2,29,35),(1,39,25),(1,35,29),(2,27,37),(1,49,15),(1,49,15),(1,51,13),(1,34,30),(1,54,10),(1,54,10),(1,59,5),(1,46,18),(1,35,29),(1,35,29),(1,55,9),(2,21,43),(1,39,25),(2,29,35),(1,35,29),(2,27,37),(1,49,15),(1,49,15),(1,51,13),(1,57,7),(1,54,10),(1,39,25),(1,59,5),(1,46,18),(1,35,29),(1,49,15),(1,55,9),(2,21,43),(2,21,43),(1,54,10),(1,35,29),(2,27,37),(2,27,37),(1,35,29),(1,51,13),(1,49,15),(1,34,30),(2,29,35),(1,59,5),(1,46,18),(1,46,18),(1,49,15),(1,55,9),(2,21,43),(2,21,43),(1,54,10),(1,35,29),(2,27,37),(2,27,37),(1,35,29),(1,51,13),(2,31,33),(1,57,7),(2,29,35),(1,59,5),(1,46,18),(1,46,18),(1,49,15),(1,55,9),(2,21,43),(2,21,43),(1,54,10),(1,35,29),(2,27,37),(2,27,37),(1,35,29),(1,51,13)]
rab6hm won 73 times.
greedy won 27 times.
There were 0 ties.
rab6hm scored 41.22 on average.
greedy scored 22.78 on average.

rab6hm vs. rab4hm:
[(2,22,42),(2,22,42),(2,31,33),(1,33,31),(1,37,27),(1,37,27),(1,56,8),(1,43,21),(1,59,5),(2,18,46),(1,36,28),(1,63,1),(1,43,21),(2,18,46),(1,53,11),(1,49,15),(0,32,32),(1,50,14),(2,31,33),(1,33,31),(1,38,26),(1,43,21),(1,56,8),(1,43,21),(0,32,32),(2,18,46),(1,58,6),(1,63,1),(1,43,21),(2,18,46),(1,53,11),(1,47,17),(2,21,43),(1,48,16),(2,31,33),(1,33,31),(1,42,22),(1,57,7),(1,56,8),(1,43,21),(1,55,9),(2,18,46),(1,41,23),(1,63,1),(1,43,21),(2,18,46),(1,53,11),(1,36,28),(2,8,56),(1,46,18),(2,31,33),(1,33,31),(1,42,22),(1,51,13),(1,43,21),(1,43,21),(1,51,13),(2,19,45),(2,22,42),(1,63,1),(1,43,21),(1,43,21),(1,56,8),(1,37,27),(2,2,58),(2,15,49),(1,51,13),(1,33,31),(1,38,26),(1,41,23),(1,43,21),(1,43,21),(1,50,14),(1,50,14),(2,22,42),(1,63,1),(1,43,21),(1,43,21),(1,56,8),(2,29,35),(2,2,58),(2,15,49),(1,58,6),(1,33,31),(1,38,26),(2,29,35),(1,43,21),(1,43,21),(1,44,20),(1,51,13),(2,22,42),(1,63,1),(1,43,21),(1,43,21),(1,56,8),(1,49,15),(2,2,58),(2,15,49),(1,41,23),(1,33,31)]
rab6hm won 72 times.
rab4hm won 26 times.
There were 2 ties.
rab6hm scored 39.12 on average.
rab4hm scored 24.76 on average.

rab6hm vs. rab6hm:
[(0,32,32),(1,43,21),(1,56,8),(1,45,19),(2,25,39),(1,38,26),(1,52,12),(1,39,25),(2,3,61),(1,41,23),(2,21,43),(2,26,38),(1,43,21),(2,16,48),(1,44,20),(1,46,18),(0,32,32),(1,48,16),(1,48,16),(1,45,19),(2,29,35),(1,37,27),(2,22,42),(1,37,27),(1,35,29),(1,42,22),(2,7,57),(1,56,8),(1,50,14),(1,38,26),(1,48,16),(2,22,42),(0,32,32),(1,54,10),(1,43,21),(1,45,19),(1,49,15),(1,40,24),(1,38,26),(1,34,30),(1,35,29),(1,47,17),(1,41,23),(1,53,11),(1,52,12),(1,43,21),(2,16,48),(2,30,34),(0,32,32),(1,56,8),(1,48,16),(1,45,19),(1,33,31),(1,47,17),(1,48,16),(2,20,44),(1,62,2),(2,21,43),(1,43,21),(1,39,25),(1,43,21),(1,50,14),(1,38,26),(1,41,23),(0,32,32),(0,32,32),(1,41,23),(1,45,19),(2,19,44),(2,26,38),(2,16,48),(1,36,28),(1,43,21),(1,35,29),(1,48,16),(1,45,19),(2,31,33),(1,52,12),(1,37,27),(1,42,22),(0,32,32),(0,32,32),(1,42,22),(1,45,19),(1,56,8),(1,44,20),(1,38,26),(1,39,25),(2,3,61),(1,62,2),(1,54,10),(2,26,38),(1,43,21),(1,43,21),(1,40,24),(1,46,18),(0,32,32),(0,32,32),(1,47,17),(1,45,19)]
rab6hm won 71 times.
rab6hm won 19 times.
There were 10 ties.
rab6hm scored 38.65 on average.
rab6hm scored 25.34 on average.

rab6hm vs. rab4gr:
[(1,34,30),(2,24,40),(1,41,23),(1,54,10),(1,36,28),(1,60,4),(2,29,35),(1,47,17),(1,61,3),(1,59,5),(2,30,34),(1,39,25),(2,27,37),(2,17,47),(1,38,26),(1,48,16),(1,54,10),(1,36,28),(2,28,36),(1,63,0),(1,36,28),(1,60,4),(2,29,35),(2,26,38),(1,61,3),(1,59,5),(2,30,34),(1,37,27),(2,27,37),(1,36,28),(2,24,40),(2,26,38),(2,28,36),(2,24,40),(1,45,19),(1,58,6),(1,36,28),(1,60,4),(2,29,35),(1,42,22),(1,61,3),(1,59,5),(2,30,34),(1,37,27),(2,27,37),(1,35,29),(2,17,47),(1,38,26),(1,33,31),(2,24,40),(1,36,28),(2,13,51),(1,36,28),(1,60,4),(1,47,17),(2,26,38),(1,61,3),(1,59,5),(1,33,31),(1,37,27),(2,27,37),(1,58,6),(1,49,15),(1,41,23),(2,29,35),(1,34,30),(1,59,5),(2,13,51),(1,36,28),(1,57,7),(1,47,17),(1,47,17),(1,61,3),(1,42,22),(2,17,47),(1,37,27),(2,27,37),(1,58,6),(1,49,15),(1,46,18),(1,47,17),(1,34,30),(1,59,5),(2,13,51),(1,36,28),(1,57,7),(1,47,17),(2,26,38),(1,61,3),(2,22,42),(1,59,5),(1,37,27),(2,27,37),(1,58,6),(1,49,15),(2,28,36),(1,38,26),(1,34,30),(1,59,5),(2,13,51)]
rab6hm won 68 times.
rab4gr won 32 times.
There were 0 ties.
rab6hm scored 40.05 on average.
rab4gr scored 23.94 on average.

