rab6hm vs. greedy:
[(1,55,9),(2,21,43),(1,49,15),(1,54,10),(1,35,29),(2,27,37),(1,54,10),(1,35,29),(1,51,13),(1,51,13),(1,35,29),(1,39,25),(1,59,5),(1,59,5),(2,22,42),(1,49,15),(1,55,9),(1,55,9),(1,49,15),(1,54,10),(1,35,29),(1,35,29),(1,54,10),(1,35,29),(1,51,13),(1,51,13),(1,35,29),(2,22,42),(1,59,5),(1,59,5),(1,39,25),(1,49,15),(1,55,9),(1,55,9),(1,49,15),(1,54,10),(1,35,29),(1,35,29),(1,46,18),(1,35,29),(1,51,13),(1,51,13),(2,21,43),(1,39,25),(1,59,5),(1,59,5),(2,27,37),(1,49,15),(1,55,9),(1,55,9),(2,31,33),(1,54,10),(1,35,29),(1,35,29),(1,46,18),(1,35,29),(1,51,13),(1,51,13),(2,21,43),(2,29,35),(1,59,5),(2,21,43),(2,27,37),(1,49,15),(1,49,15),(2,27,37),(1,38,26),(1,54,10),(1,54,10),(1,34,30),(1,46,18),(1,35,29),(1,35,29),(1,46,18),(2,21,43),(2,29,35),(1,39,25),(1,35,29),(2,27,37),(1,49,15),(1,49,15),(1,51,13),(1,34,30),(1,54,10),(1,54,10),(1,59,5),(1,46,18),(1,35,29),(1,35,29),(1,55,9),(2,21,43),(1,39,25),(2,29,35),(1,35,29),(2,27,37),(1,49,15),(1,49,15),(1,51,13),(1,57,7),(1,54,10)]
rab6hm won 82 times.
greedy won 18 times.
There were 0 ties.
rab6hm scored 43.07 on average.
greedy scored 20.93 on average.

rab6hm vs. rab4hm:
[(1,63,1),(1,43,21),(2,22,42),(1,64,0),(1,49,15),(1,38,26),(1,56,8),(1,59,5),(1,33,31),(2,16,48),(1,51,13),(2,26,38),(2,28,36),(1,61,3),(1,43,21),(1,39,25),(1,54,10),(1,51,13),(2,22,42),(1,64,0),(1,38,26),(2,22,42),(1,56,8),(1,58,6),(1,39,25),(2,25,39),(1,51,13),(1,43,21),(2,19,45),(1,49,15),(1,43,21),(2,22,42),(1,54,10),(1,41,23),(2,30,34),(1,56,8),(1,39,25),(2,28,36),(1,34,30),(1,41,23),(1,39,25),(2,13,51),(1,41,23),(1,43,21),(1,35,29),(1,43,21),(1,44,20),(2,22,42),(1,54,10),(1,50,14),(2,30,34),(1,56,8),(2,17,47),(1,35,29),(1,37,27),(1,42,22),(1,39,25),(2,17,47),(1,41,23),(1,43,21),(2,23,41),(1,43,21),(0,32,32),(2,22,42),(2,24,40),(2,21,43),(2,20,44),(1,43,21),(1,64,0),(1,42,22),(0,32,32),(2,18,46),(1,59,5),(1,55,9),(1,43,21),(2,18,46),(1,34,30),(1,40,24),(2,21,43),(1,48,16),(1,35,29),(0,32,32),(1,42,22),(1,57,7),(1,64,0),(1,43,21),(1,55,9),(2,18,46),(1,59,5),(1,33,31),(1,43,21),(2,18,46),(1,34,30),(1,40,24),(2,8,56),(1,46,18),(2,10,54),(2,14,50),(1,42,22),(1,51,13)]
rab6hm won 68 times.
rab4hm won 29 times.
There were 3 ties.
rab6hm scored 38.57 on average.
rab4hm scored 25.43 on average.

rab6hm vs. rab6hm:
[(2,26,38),(1,43,21),(1,56,8),(1,40,24),(1,46,18),(0,32,32),(2,26,38),(1,47,17),(1,45,19),(1,45,19),(2,21,43),(1,43,21),(1,37,27),(1,36,28),(1,44,20),(1,56,8),(1,56,8),(1,45,19),(1,48,16),(1,47,17),(2,22,42),(1,42,22),(2,22,42),(2,21,43),(1,45,19),(1,45,19),(2,7,57),(1,44,20),(1,34,30),(1,39,25),(1,48,16),(1,48,16),(1,53,11),(2,26,38),(1,33,31),(2,22,42),(2,30,34),(1,46,18),(1,43,21),(2,7,57),(1,45,19),(1,45,19),(2,31,33),(1,48,16),(2,20,44),(1,37,27),(0,32,32),(1,43,21),(1,39,25),(1,56,8),(2,25,39),(1,38,26),(1,41,23),(2,22,42),(2,3,61),(1,41,23),(1,45,19),(1,45,19),(1,43,21),(2,16,48),(1,36,28),(1,50,14),(0,32,32),(1,48,16),(1,48,16),(0,32,32),(1,48,16),(1,37,27),(2,22,42),(2,18,46),(1,35,29),(1,42,22),(2,7,57),(1,35,29),(1,50,14),(1,38,26),(1,48,16),(2,22,42),(0,32,32),(1,54,10),(1,43,21),(1,45,19),(1,44,20),(1,40,24),(1,38,26),(1,34,30),(1,35,29),(1,47,17),(1,41,23),(1,53,11),(1,52,12),(1,43,21),(2,16,48),(2,30,34),(0,32,32),(1,56,8),(1,48,16),(1,45,19),(2,25,39),(2,26,38)]
rab6hm won 69 times.
rab6hm won 25 times.
There were 6 ties.
rab6hm scored 37.58 on average.
rab6hm scored 26.42 on average.

rab6hm vs. rab4gr:
[(1,37,27),(2,27,37),(1,40,24),(1,60,4),(2,28,36),(2,29,35),(0,32,32),(1,59,5),(2,13,51),(1,40,24),(1,33,31),(1,35,29),(2,25,39),(2,29,35),(1,54,10),(2,24,40),(1,37,27),(1,62,2),(1,46,18),(1,60,4),(1,54,10),(1,47,17),(2,31,33),(1,59,5),(2,13,51),(1,40,24),(2,31,33),(2,29,35),(1,61,3),(1,57,7),(2,24,40),(2,19,45),(1,37,27),(1,47,17),(1,51,13),(1,60,4),(1,38,26),(1,36,28),(1,52,12),(1,59,5),(2,13,51),(1,40,24),(2,27,37),(1,40,24),(2,26,38),(2,28,36),(2,29,35),(2,24,40),(1,37,27),(1,37,27),(1,36,28),(1,60,4),(1,41,23),(1,54,10),(1,61,3),(1,59,5),(2,13,51),(2,13,51),(2,27,37),(2,17,47),(1,47,17),(2,30,34),(2,26,38),(1,36,28),(2,28,36),(1,33,31),(1,36,28),(1,60,4),(2,29,35),(1,34,30),(1,61,3),(1,59,5),(2,30,34),(1,37,27),(2,27,37),(1,36,28),(2,24,40),(2,26,38),(1,38,26),(2,24,40),(1,45,19),(1,58,6),(1,36,28),(1,60,4),(2,29,35),(1,42,22),(1,61,3),(1,59,5),(2,30,34),(1,37,27),(2,27,37),(1,35,29),(1,43,21),(2,31,33),(1,34,30),(2,24,40),(1,33,31),(1,57,7),(1,36,28),(1,60,4)]
rab6hm won 62 times.
rab4gr won 37 times.
There were 1 ties.
rab6hm scored 38.55 on average.
rab4gr scored 25.45 on average.

