rab6hm vs. greedy:
[(1,51,13),(1,51,13),(2,21,43),(2,29,35),(1,59,5),(1,59,5),(2,27,37),(1,49,15),(1,55,9),(1,55,9),(1,34,30),(1,54,10),(1,35,29),(1,35,29),(1,46,18),(1,35,29),(1,51,13),(1,51,13),(2,21,43),(1,39,25),(1,59,5),(1,59,5),(2,27,37),(1,49,15),(1,55,9),(1,55,9),(1,57,7),(1,54,10),(1,35,29),(1,35,29),(1,46,18),(1,35,29),(1,51,13),(1,51,13),(2,21,43),(2,22,42),(1,59,5),(1,35,29),(2,27,37),(1,49,15),(1,55,9),(1,51,13),(1,49,15),(1,54,10),(1,54,10),(1,59,5),(1,46,18),(1,35,29),(1,35,29),(1,55,9),(2,21,43),(1,39,25),(1,39,25),(1,35,29),(2,27,37),(1,49,15),(1,49,15),(1,51,13),(2,31,33),(1,54,10),(1,54,10),(1,59,5),(1,46,18),(1,35,29),(1,35,29),(1,55,9),(2,21,43),(2,29,35),(2,22,42),(1,35,29),(2,27,37),(1,49,15),(1,49,15),(1,51,13),(1,38,26),(1,54,10),(1,54,10),(1,59,5),(1,46,18),(1,35,29),(2,21,43),(1,55,9),(2,21,43),(2,29,35),(2,27,37),(1,35,29),(2,27,37),(1,49,15),(1,49,15),(1,51,13),(1,34,30),(1,54,10),(1,46,18),(1,59,5),(1,46,18),(1,35,29),(1,49,15),(1,55,9),(2,21,43),(2,21,43)]
rab6hm won 78 times.
greedy won 22 times.
There were 0 ties.
rab6hm scored 42.63 on average.
greedy scored 21.37 on average.

rab6hm vs. rab4hm:
[(1,39,25),(1,34,30),(1,43,21),(1,43,21),(1,39,25),(2,15,49),(2,21,43),(2,22,42),(1,54,10),(1,63,1),(1,42,22),(1,56,8),(1,40,24),(2,29,35),(1,55,9),(1,51,13),(1,39,25),(1,34,30),(1,43,21),(1,43,21),(2,6,58),(1,34,30),(2,8,56),(2,22,42),(1,54,10),(1,63,1),(1,42,22),(1,56,8),(1,38,26),(1,37,27),(1,51,13),(1,51,13),(1,39,25),(1,34,30),(1,43,21),(1,43,21),(2,28,36),(1,37,27),(2,20,44),(2,22,42),(1,54,10),(1,33,31),(2,29,35),(1,56,8),(1,56,8),(1,43,21),(1,33,31),(2,18,46),(1,41,23),(1,63,1),(1,43,21),(2,18,46),(1,53,11),(2,29,35),(2,20,44),(1,51,13),(2,31,33),(1,33,31),(1,37,27),(1,37,27),(1,56,8),(1,43,21),(1,59,5),(2,18,46),(1,39,25),(1,63,1),(1,43,21),(2,18,46),(1,53,11),(1,49,15),(0,32,32),(1,50,14),(2,31,33),(1,33,31),(1,42,22),(1,43,21),(1,56,8),(1,43,21),(0,32,32),(2,18,46),(1,41,23),(1,63,1),(1,43,21),(2,18,46),(1,51,13),(1,47,17),(2,21,43),(1,48,16),(1,55,9),(1,33,31),(1,42,22),(1,57,7),(1,37,27),(1,43,21),(1,55,9),(2,18,46),(2,22,42),(1,63,1),(1,43,21),(1,43,21)]
rab6hm won 74 times.
rab4hm won 24 times.
There were 2 ties.
rab6hm scored 39.75 on average.
rab4hm scored 24.25 on average.

rab6hm vs. rab6hm:
[(1,45,19),(1,45,19),(1,50,14),(1,38,26),(1,39,25),(2,20,44),(0,32,32),(1,54,10),(2,26,38),(1,39,25),(2,25,39),(1,40,24),(1,46,18),(1,41,23),(1,35,29),(1,47,17),(1,45,19),(1,45,19),(1,52,12),(1,43,21),(1,37,27),(1,36,28),(0,32,32),(1,56,8),(1,56,8),(1,45,19),(2,29,35),(1,47,17),(2,22,42),(1,42,22),(1,62,2),(2,21,43),(1,45,19),(1,45,19),(1,43,21),(1,44,20),(1,34,30),(1,41,23),(0,32,32),(1,48,16),(1,53,11),(1,45,19),(1,49,15),(2,22,42),(1,40,24),(1,36,28),(1,43,21),(2,7,57),(1,47,17),(1,45,19),(2,31,33),(1,48,16),(1,43,21),(1,42,22),(0,32,32),(1,43,21),(1,56,8),(1,45,19),(1,33,31),(1,38,26),(1,47,17),(1,39,25),(2,3,61),(1,41,23),(2,21,43),(2,26,38),(1,43,21),(2,16,48),(1,44,20),(1,46,18),(0,32,32),(1,48,16),(1,48,16),(1,45,19),(2,18,46),(1,37,27),(2,22,42),(1,37,27),(1,35,29),(1,42,22),(1,43,21),(1,56,8),(1,50,14),(1,38,26),(0,32,32),(2,22,42),(0,32,32),(1,54,10),(2,25,39),(1,45,19),(2,26,38),(1,40,24),(1,43,21),(1,34,30),(1,35,29),(1,47,17),(1,48,16),(1,53,11),(1,52,12),(1,43,21)]
rab6hm won 75 times.
rab6hm won 18 times.
There were 7 ties.
rab6hm scored 39.3 on average.
rab6hm scored 24.7 on average.

rab6hm vs. rab4gr:
[(2,13,51),(1,40,24),(2,27,37),(1,36,28),(2,26,38),(2,28,36),(1,33,31),(2,24,40),(1,37,27),(1,49,15),(1,34,30),(1,60,4),(2,28,36),(1,43,21),(1,37,27),(1,59,5),(2,13,51),(1,40,24),(1,40,24),(1,35,29),(2,25,39),(2,29,35),(1,33,31),(2,24,40),(1,37,27),(1,62,2),(1,36,28),(1,60,4),(1,54,10),(1,46,18),(1,61,3),(1,59,5),(2,13,51),(2,13,51),(2,27,37),(2,29,35),(1,61,3),(2,23,41),(2,28,36),(2,19,45),(1,37,27),(1,57,7),(1,36,28),(1,60,4),(2,29,35),(2,26,38),(1,61,3),(1,59,5),(2,30,34),(1,62,1),(2,27,37),(1,40,24),(1,37,27),(1,38,26),(1,34,30),(2,24,40),(1,41,23),(1,46,18),(1,36,28),(1,60,4),(2,29,35),(1,52,12),(1,61,3),(1,59,5),(2,30,34),(1,62,1),(2,27,37),(2,17,47),(1,38,26),(2,23,41),(2,29,35),(1,36,28),(2,28,36),(1,46,18),(1,36,28),(1,60,4),(2,29,35),(1,46,18),(1,61,3),(1,59,5),(1,60,4),(1,37,27),(2,27,37),(1,36,28),(1,33,31),(1,54,10),(1,38,26),(2,24,40),(1,36,28),(2,13,51),(1,36,28),(1,60,4),(1,61,3),(1,61,3),(1,61,3),(1,59,5),(1,46,18),(1,37,27),(2,27,37),(1,58,6)]
rab6hm won 66 times.
rab4gr won 34 times.
There were 0 ties.
rab6hm scored 39.73 on average.
rab4gr scored 24.25 on average.

