rab6hm vs. greedy:
[(2,31,33),(1,54,10),(1,35,29),(1,35,29),(1,46,18),(1,35,29),(1,39,25),(1,39,25),(2,21,43),(2,27,37),(1,49,15),(1,49,15),(2,27,37),(2,31,33),(1,54,10),(1,54,10),(1,38,26),(1,46,18),(1,35,29),(1,35,29),(1,46,18),(2,21,43),(2,29,35),(2,22,42),(2,21,43),(2,27,37),(1,49,15),(1,49,15),(2,27,37),(1,38,26),(1,54,10),(1,54,10),(1,34,30),(1,46,18),(1,35,29),(1,35,29),(1,46,18),(2,21,43),(2,29,35),(1,39,25),(2,21,43),(2,27,37),(1,49,15),(1,49,15),(2,27,37),(1,34,30),(1,54,10),(1,51,13),(1,57,7),(1,46,18),(1,46,18),(1,59,5),(1,55,9),(2,21,43),(2,21,43),(1,55,9),(1,35,29),(2,27,37),(2,27,37),(1,35,29),(1,51,13),(1,57,7),(1,38,26),(1,51,13),(1,59,5),(1,46,18),(1,46,18),(1,59,5),(1,55,9),(2,21,43),(2,21,43),(1,55,9),(1,35,29),(2,27,37),(2,27,37),(1,35,29),(1,51,13),(1,49,15),(1,34,30),(1,51,13),(1,59,5),(1,46,18),(1,46,18),(1,59,5),(1,55,9),(2,21,43),(2,21,43),(1,55,9),(1,35,29),(2,27,37),(2,27,37),(1,35,29),(1,51,13),(2,31,33),(1,57,7),(2,29,35),(1,59,5),(1,46,18),(1,46,18),(1,49,15)]
rab6hm won 70 times.
greedy won 30 times.
There were 0 ties.
rab6hm scored 40.2 on average.
greedy scored 23.8 on average.

rab6hm vs. rab4hm:
[(1,37,27),(1,56,8),(2,18,46),(1,59,5),(1,59,5),(1,41,23),(2,18,46),(1,34,30),(1,43,21),(1,44,20),(1,51,13),(1,45,19),(0,32,32),(2,30,34),(1,37,27),(1,64,0),(1,42,22),(1,37,27),(2,18,46),(1,59,5),(0,32,32),(1,41,23),(2,18,46),(1,34,30),(1,43,21),(1,44,20),(1,50,14),(2,24,40),(2,21,43),(2,30,34),(1,43,21),(1,64,0),(1,42,22),(0,32,32),(2,18,46),(1,59,5),(1,55,9),(1,41,23),(2,18,46),(1,34,30),(1,43,21),(2,21,43),(1,48,16),(1,35,29),(2,8,56),(1,42,22),(1,57,7),(1,33,31),(1,42,22),(1,55,9),(0,32,32),(1,43,21),(1,33,31),(1,43,21),(1,41,23),(1,63,1),(1,40,24),(2,2,58),(1,51,13),(1,37,27),(2,14,50),(1,38,26),(1,55,9),(1,33,31),(1,49,15),(1,59,5),(1,44,20),(1,43,21),(1,50,14),(1,43,21),(1,41,23),(1,63,1),(1,41,23),(2,2,58),(1,51,13),(2,29,35),(2,8,56),(1,38,26),(1,55,9),(1,33,31),(1,43,21),(1,50,14),(1,42,22),(1,43,21),(1,63,1),(1,43,21),(1,41,23),(1,63,1),(2,29,35),(2,2,58),(1,51,13),(1,49,15),(1,33,31),(1,38,26),(1,55,9),(2,26,38),(1,43,21),(1,44,20),(1,34,30),(2,26,38)]
rab6hm won 75 times.
rab4hm won 21 times.
There were 4 ties.
rab6hm scored 39.43 on average.
rab4hm scored 24.45 on average.

rab6hm vs. rab6hm:
[(1,33,31),(1,38,26),(2,7,57),(1,47,17),(2,3,61),(1,41,23),(1,48,16),(1,43,21),(1,43,21),(0,32,32),(1,43,21),(1,56,8),(0,32,32),(1,56,8),(1,38,26),(1,47,17),(2,18,46),(2,3,61),(1,41,23),(2,21,43),(1,35,29),(1,43,21),(2,16,48),(1,44,20),(1,50,14),(0,32,32),(1,48,16),(1,48,16),(0,32,32),(1,44,20),(1,37,27),(2,22,42),(2,26,38),(1,35,29),(1,42,22),(2,7,57),(1,35,29),(1,50,14),(1,38,26),(1,48,16),(1,52,12),(0,32,32),(1,54,10),(1,43,21),(0,32,32),(2,25,39),(1,40,24),(1,45,19),(1,44,20),(1,35,29),(2,3,61),(2,20,44),(1,53,11),(1,52,12),(1,43,21),(1,39,25),(2,30,34),(0,32,32),(0,32,32),(1,41,23),(1,45,19),(2,29,35),(1,49,15),(1,45,19),(2,20,44),(1,62,2),(1,35,29),(1,36,28),(1,39,25),(1,43,21),(1,50,14),(1,45,19),(1,41,23),(0,32,32),(0,32,32),(1,42,22),(1,45,19),(1,49,15),(1,33,31),(1,45,19),(1,36,28),(1,43,21),(1,35,29),(1,39,25),(1,45,19),(2,31,33),(1,52,12),(2,26,38),(1,42,22),(0,32,32),(0,32,32),(1,46,18),(1,45,19),(1,33,31),(2,29,35),(1,38,26),(1,39,25),(2,3,61),(1,62,2),(1,54,10)]
rab6hm won 69 times.
rab6hm won 19 times.
There were 12 ties.
rab6hm scored 37.48 on average.
rab6hm scored 26.52 on average.

rab6hm vs. rab4gr:
[(1,48,16),(1,60,4),(1,59,5),(2,30,34),(1,36,28),(1,59,5),(1,40,24),(1,37,27),(2,29,35),(2,18,46),(2,24,40),(1,41,23),(1,33,31),(2,19,45),(1,60,4),(2,29,35),(1,45,19),(1,61,3),(1,59,5),(2,30,34),(1,39,25),(2,27,37),(2,17,47),(1,38,26),(2,30,34),(1,38,26),(1,36,28),(2,28,36),(1,33,31),(1,36,28),(1,60,4),(2,29,35),(1,36,28),(1,61,3),(1,59,5),(2,30,34),(1,61,3),(2,27,37),(1,36,28),(1,40,24),(2,27,37),(1,34,30),(2,24,40),(2,24,40),(1,38,26),(1,36,28),(1,60,4),(1,46,18),(1,36,28),(1,61,3),(1,37,27),(1,34,30),(1,42,22),(2,27,37),(1,58,6),(1,62,1),(1,36,28),(1,54,10),(1,34,30),(1,44,20),(2,13,51),(1,36,28),(1,57,7),(1,46,18),(2,26,38),(1,61,3),(1,33,31),(1,46,18),(1,37,27),(2,27,37),(1,58,6),(1,62,1),(1,41,23),(2,28,36),(1,34,30),(1,38,26),(2,13,51),(1,36,28),(1,57,7),(1,46,18),(1,47,17),(1,61,3),(1,42,22),(1,52,12),(1,37,27),(2,27,37),(1,58,6),(1,62,1),(1,46,18),(1,34,30),(1,34,30),(2,28,36),(2,13,51),(1,36,28),(1,36,28),(1,36,28),(2,26,38),(1,61,3),(1,61,3),(1,45,19)]
rab6hm won 73 times.
rab4gr won 27 times.
There were 0 ties.
rab6hm scored 40.29 on average.
rab4gr scored 23.68 on average.

