((10 20 30 40 50 60 70 80 90 10 11 12 13 14 15 16)
 (20 48 92 83 92 87 30 38 28 93 94 62 73 62 73 62)
 (30 37 36 48 56 15 24 35 45 36 26 36 49 63 82 14)
 (40 26 63 35 16 25 36 35 27 37 46 37 26 37 26 27)
 (50 63 72 63 77 43 67 26 37 46 37 65 26 35 36 23)
 (60 38 72 78 36 35 26 35 32 62 34 24 25 34 22 53)
 (70 26 37 26 37 26 73 52 42 53 53 42 52 43 53 52)
 (80 27 25 36 72 53 62 53 62 52 73 52 62 73 52 72)
 (90 62 54 35 24 36 34 25 36 62 43 52 62 43 43 82)
 (10 72 63 82 63 72 62 83 83 26 36 24 34 84 62 52)
 (11 72 63 65 25 35 62 53 43 64 73 53 53 26 27 36)
 (12 62 72 54 34 65 24 35 36 24 24 25 36 46 35 39)
 (13 62 73 62 53 53 64 73 52 46 36 54 62 53 46 72)
 (14 54 23 42 32 31 32 42 32 32 32 43 35 24 24 35)
 (15 56 25 25 24 24 15 12 43 41 25 25 28 35 96 87)
 (16 72 74 64 47 80 38 49 82 30 45 73 27 59 38 45))
